SRR6820513.28	125	41	22	31	31	0	0	0	10	0	0	0
SRR6820513.41	107	25	25	20	37	0	0	0	12	0	0	0
SRR6820513.93	125	29	24	23	49	0	0	0	10	0	0	0
SRR6820513.105	126	45	14	29	38	0	0	0	6	0	0	0
SRR6820513.111	124	45	23	25	31	0	0	0	10	0	0	0
SRR6820513.113	126	54	9	31	32	0	0	0	2	0	0	0
SRR6820513.137	126	28	25	34	39	0	0	0	12	0	0	0
SRR6820513.166	125	39	17	25	44	0	0	0	0	0	0	0
SRR6820513.211	126	43	19	28	36	0	0	0	10	0	0	0
SRR6820513.218	122	37	17	16	52	0	0	0	6	0	0	0
SRR6820513.276	126	50	19	20	37	0	0	0	8	0	0	0
SRR6820513.328	126	46	19	30	31	0	0	0	2	0	0	0
SRR6820513.329	125	44	20	28	33	0	0	0	8	0	0	0
SRR6820513.358	126	34	32	17	43	0	0	0	6	0	0	0
SRR6820513.388	126	39	24	32	31	0	0	0	6	0	0	0
SRR6820513.393	125	30	30	20	45	0	0	0	12	0	0	0
SRR6820513.404	125	17	35	29	44	0	0	0	10	0	0	0
SRR6820513.413	110	36	18	16	40	0	0	0	6	0	0	0
SRR6820513.441	125	40	21	28	36	0	0	0	8	0	0	0
SRR6820513.477	125	44	34	13	34	0	0	0	6	0	0	0
SRR6820513.499	125	34	36	23	32	0	0	0	12	0	0	0
SRR6820513.511	102	25	17	20	40	0	0	0	8	0	0	0
SRR6820513.538	126	34	27	27	38	0	0	0	4	0	0	0
SRR6820513.564	126	38	23	24	41	0	0	0	4	0	0	0
SRR6820513.569	112	42	29	14	27	0	0	0	6	0	0	0
SRR6820513.571	126	28	40	16	42	0	0	0	4	0	0	0
SRR6820513.606	125	50	23	24	28	0	0	0	6	0	0	0
SRR6820513.617	126	51	14	27	34	0	0	0	12	0	0	0
SRR6820513.632	126	40	30	28	28	0	0	0	8	0	0	0
SRR6820513.680	126	62	9	12	43	0	0	0	0	0	0	0
SRR6820513.684	126	47	27	19	33	0	0	0	6	0	0	0
SRR6820513.699	124	45	17	27	35	0	0	0	4	0	0	0
SRR6820513.734	126	34	27	26	39	0	0	0	10	0	0	0
SRR6820513.741	126	41	19	11	55	0	0	0	2	0	0	0
SRR6820513.773	124	32	21	33	38	0	0	0	8	0	0	0
SRR6820513.790	126	45	15	33	33	0	0	0	8	0	0	0
SRR6820513.827	125	36	36	16	37	0	0	0	6	0	0	0
SRR6820513.864	126	46	25	25	30	0	0	0	8	0	0	0
SRR6820513.872	124	23	33	27	41	0	0	0	12	0	0	0
SRR6820513.879	126	58	11	20	37	0	0	0	6	0	0	0
SRR6820513.913	126	55	19	22	30	0	0	0	6	0	0	0
SRR6820513.939	106	47	19	19	21	0	0	0	6	0	0	0
SRR6820513.940	126	48	12	30	36	0	0	0	2	0	0	0
SRR6820513.969	126	41	30	15	40	0	0	0	10	0	0	0
SRR6820513.1043	126	26	32	20	48	0	0	0	6	0	0	0
SRR6820513.1081	125	29	34	23	39	0	0	0	18	0	0	0
SRR6820513.1092	126	34	37	22	33	0	0	0	16	0	0	0
SRR6820513.1142	104	26	21	27	30	0	0	0	4	0	0	0
SRR6820513.1208	126	30	23	21	52	0	0	0	10	0	0	0
SRR6820513.1215	125	52	19	7	47	0	0	0	2	0	0	0
SRR6820513.1220	125	38	28	30	29	0	0	0	8	0	0	0
SRR6820513.1226	122	37	26	35	24	0	0	0	12	0	0	0
SRR6820513.1251	126	47	20	26	33	0	0	0	6	0	0	0
SRR6820513.1285	125	38	23	24	40	0	0	0	8	0	0	0
SRR6820513.1315	126	43	16	25	42	0	0	0	2	0	0	0
SRR6820513.1325	126	25	30	23	48	0	0	0	0	0	0	0
SRR6820513.1368	126	33	24	22	47	0	0	0	2	0	0	0
SRR6820513.1421	126	39	26	32	29	0	0	0	10	0	0	0
SRR6820513.1435	126	46	22	27	31	0	0	0	12	0	0	0
SRR6820513.1492	101	30	16	26	29	0	0	0	4	0	0	0
SRR6820513.1497	105	26	24	25	30	0	0	0	8	0	0	0
SRR6820513.1513	117	40	16	35	26	0	0	0	6	0	0	0
SRR6820513.1564	126	58	10	14	44	0	0	0	2	0	0	0
SRR6820513.1613	125	45	26	13	41	0	0	0	6	0	0	0
SRR6820513.1631	126	40	14	19	53	0	0	0	0	0	0	0
SRR6820513.1651	126	40	19	27	40	0	0	0	8	0	0	0
SRR6820513.1669	126	33	28	19	46	0	0	0	6	0	0	0
SRR6820513.1674	126	47	15	29	35	0	0	0	4	0	0	0
SRR6820513.1738	125	36	27	27	35	0	0	0	6	0	0	0
SRR6820513.1756	123	34	24	31	34	0	0	0	12	0	0	0
SRR6820513.1791	126	32	20	28	46	0	0	0	8	0	0	0
SRR6820513.1843	126	41	17	17	51	0	0	0	2	0	0	0
SRR6820513.1905	126	46	14	29	37	0	0	0	2	0	0	0
SRR6820513.1932	126	44	11	34	37	0	0	0	6	0	0	0
SRR6820513.1939	115	34	22	16	43	0	0	0	8	0	0	0
SRR6820513.1957	124	44	33	11	36	0	0	0	4	0	0	0
SRR6820513.1983	111	41	17	27	26	0	0	0	8	0	0	0
SRR6820513.2050	125	41	19	32	33	0	0	0	6	0	0	0
SRR6820513.2121	126	55	15	20	36	0	0	0	0	0	0	0
SRR6820513.2163	126	38	26	30	32	0	0	0	10	0	0	0
SRR6820513.2165	126	36	27	25	38	0	0	0	12	0	0	0
SRR6820513.2205	125	26	33	24	42	0	0	0	4	0	0	0
SRR6820513.2223	126	52	16	20	38	0	0	0	4	0	0	0
SRR6820513.2228	126	30	18	41	37	0	0	0	16	0	0	0
SRR6820513.2277	125	48	23	12	42	0	0	0	2	0	0	0
SRR6820513.2319	126	62	7	25	32	0	0	0	4	0	0	0
SRR6820513.2372	122	27	28	25	42	0	0	0	8	0	0	0
SRR6820513.2396	126	52	19	16	39	0	0	0	6	0	0	0
SRR6820513.2400	126	47	20	26	33	0	0	0	4	0	0	0
SRR6820513.2511	126	38	27	19	42	0	0	0	12	0	0	0
SRR6820513.2555	126	51	17	30	28	0	0	0	4	0	0	0
SRR6820513.2567	126	39	16	37	34	0	0	0	4	0	0	0
SRR6820513.2588	125	43	29	24	29	0	0	0	14	0	0	0
SRR6820513.2655	126	53	22	21	30	0	0	0	12	0	0	0
SRR6820513.2667	126	39	29	24	34	0	0	0	8	0	0	0
SRR6820513.2695	108	22	30	17	39	0	0	0	14	0	0	0
SRR6820513.2799	126	38	26	17	45	0	0	0	2	0	0	0
SRR6820513.2840	126	32	41	22	31	0	0	0	6	0	0	0
SRR6820513.2861	114	28	24	36	26	0	0	0	4	0	0	0
SRR6820513.2864	126	45	17	23	41	0	0	0	4	0	0	0
